# Created by Octave 3.8.1, Thu Nov 20 15:49:10 2014 EST <raequin@raequin-T530>
# name: xActual
# type: matrix
# rows: 2
# columns: 1373
 0 0.1633569752530377 0.3266818870588537 0.4899747417108244 0.6532355455010617 0.8164643047204692 0.9796610256587002 1.142825714604172 1.305958377844078 1.469059021664364 1.632127652349766 1.795164276183769 1.958168899448623 2.121141528425341 2.284082169393727 2.446990828632323 2.609867512418461 2.772712227028222 2.935524978736467 3.098305773816833 3.261054618541706 3.423771519182253 3.586456482008415 3.749109513288886 3.911730619291149 4.074319806281437 4.236877080524778 4.399402448284931 4.561895915824465 4.72435748940471 4.886787175285747 5.049184979726462 5.211550908984464 5.373884969316194 5.536187166976816 5.698457508220287 5.860695999299338 6.022902646465468 6.185077455968951 6.347220434058826 6.50933158698291 6.67141092098781 6.833458442318886 6.995474157220286 7.157458071934897 7.319410192704439 7.48133052576938 7.643219077368926 7.80507585374113 7.966900861122753 8.128694105749389 8.29045559385537 8.452185331673803 8.613883325436589 8.77554958137442 8.937184105716725 9.098786904691735 9.260357984526465 9.421897351446688 9.583405011676973 9.744880971440637 9.90632523695983 10.06773781445541 10.22911871014709 10.39046793025329 10.55178548099127 10.71307136857703 10.87432559922537 11.03554817914986 11.19673911456285 11.35789841167546 11.51902607669764 11.68012211583807 11.84118653530422 12.00221934130236 12.16322054003753 12.32419013771354 12.48512814053302 12.64603455469734 12.80690938640667 12.96775264185997 13.12856432725498 13.28934444878823 13.45009301265497 13.61081002504937 13.77149549216426 13.93214942019129 14.09277181532092 14.25336268374235 14.41392203164364 14.57444986521153 14.73494619063166 14.89541101408835 15.0558443417648 15.21624617984291 15.37661653450344 15.53695541192587 15.69726281828855 15.85753875976853 16.0177832425417 16.17799627278274 16.33817785666507 16.49832800036096 16.65844671004142 16.81853399187629 16.97858985203416 17.13861429668243 17.2986073319873 17.45856896411372 17.61849919922548 17.77839804348513 17.93826550305401 18.09810158409225 18.2579062927588 18.41767963521136 18.57742161760645 18.73713224609938 18.89681152684422 19.05645946599388 19.21607606970002 19.37566134411314 19.53521529538247 19.69473792965607 19.85422925308082 20.01368927180233 20.17311799196507 20.33251541971224 20.49188156118588 20.65121642252682 20.81052000987464 20.96979232936779 21.12903338714345 21.28824318933763 21.44742174208513 21.60656905151953 21.76568512377322 21.92476996497739 22.08382358126201 22.24284597875588 22.40183716358655 22.5607971418804 22.71972591976261 22.87862350335715 23.03748989878675 23.196325112173 23.35512914963627 23.51390201729569 23.67264372126927 23.83135426767372 23.99003366262463 24.14868191223633 24.30729902262198 24.46588499989356 24.62443985016182 24.78296357953631 24.94145619412541 25.09991770003624 25.25834810337481 25.41674741024585 25.57511562675293 25.73345275899844 25.89175881308353 26.05003379510816 26.20827771117114 26.36649056737001 26.52467236980118 26.6828231245598 26.8409428377399 26.99903151543427 27.15708916373445 27.31511578873089 27.47311139651278 27.63107599316814 27.78900958478377 27.94691217744528 28.10478377723715 28.26262439024254 28.42043402254352 28.57821268022094 28.73596036935444 28.89367709602249 29.05136286630233 29.20901768627004 29.36664156200052 29.52423449956743 29.68179650504325 29.83932758449933 29.99682774400573 30.1542969896314 30.31173532744407 30.46914276351023 30.62651930389529 30.78386495466339 30.94117972187743 31.09846361159927 31.25571662988946 31.41293878280737 31.57013007641126 31.7272905167581 31.88442010990374 32.04151886190283 32.1985867788088 32.35562386667392 32.51263013154927 32.66960557948471 32.826550216529 32.98346404872959 33.14034708213282 33.29719932278387 33.45402077672665 33.61081145000395 33.76757134865731 33.92430047872719 34.08099884625273 34.23766645727198 34.39430331782181 34.55090943393783 34.70748481165452 34.86402945700519 35.02054337602192 35.17702657473561 35.333479059176 35.48990083537166 35.64629190934993 35.80265228713701 35.9589819747579 36.1152809782364 36.27154930359516 36.42778695685563 36.58399394403807 36.74017027116158 36.89631594424407 37.05243096930225 37.20851535235168 37.36456909940673 37.52059221648057 37.67658470958521 37.83254658473147 37.988477847929 38.14437850518626 38.30024856251054 38.45608802590795 38.6118969013834 38.76767519494065 38.92342291258228 39.07914006030966 39.23482664412303 39.3904826700214 39.54610814400264 39.70170307206344 39.8572674601993 40.01280131440453 40.16830464067231 40.3237774449946 40.4792197333622 40.63463151176473 40.79001278619064 40.94536356262721 41.10068384706053 41.25597364547552 41.41123296385593 41.56646180818433 41.72166018444212 41.87682809860953 42.0319655566656 42.18707256458821 42.34214912835407 42.4971952539387 42.65221094731647 42.80719621446056 42.96215106134299 43.11707549393458 43.27196951820501 43.42683314012279 43.58166636565523 43.73646920076849 43.89124165142755 44.04598372359622 44.20069542323715 44.35537675631181 44.51002772878049 44.66464834660233 44.81923861573529 44.97379854213617 45.12832813176058 45.28282739056298 45.43729632449666 45.59173493951374 45.74614324156515 45.90052123660069 46.05486893056896 46.20918632941742 46.36347343909234 46.51773026553882 46.67195681470082 46.82615309252111 46.9803191049413 47.13445485790184 47.288560357342 47.4426356091999 47.59668061941248 47.75069539391554 47.90467993864367 48.05863425953035 48.21255836250785 48.36645225350729 48.52031593845864 48.67414942329069 48.82795271393107 48.98172581630625 49.13546873634154 49.28918147996107 49.44286405308783 49.59651646164363 49.75013871154913 49.90373080872381 50.05729275908602 50.21082456855291 50.36432624304049 50.5177977884636 50.67123921073595 50.82465051577004 50.97803170947724 51.13138279776776 51.28470378655064 51.43799468173376 51.59125548922384 51.74448621492645 51.897686864746 52.05085744458573 52.20399796034773 52.35710841793293 52.51018882324109 52.66323918217084 52.81625950061963 52.96924978448376 53.12221003965836 53.27514027203743 53.42804048751378 53.58091069197908 53.73375089132386 53.88656109143746 54.03934129820809 54.1920915175228 54.34481175526747 54.49750201732684 54.65016230958449 54.80279263792285 54.95539300822318 55.10796342636559 55.26050389822907 55.4130144296914 55.56549502662925 55.71794569491811 55.87036644043234 56.02275726904513 56.17511818662852 56.32744919905339 56.47975031218949 56.6320215319054 56.78426286406856 56.93647431454524 57.08865588920057 57.24080759389854 57.39292943450197 57.54502141687254 57.69708354687078 57.84911583035606 58.0011182731866 58.15309088121948 58.30503366031064 58.45694661631484 58.60882975508572 58.76068308247575 58.91250660433627 59.06430032651745 59.21606425486833 59.3677983952368 59.51950275346959 59.6711773354123 59.82282214690936 59.97443719380408 60.1260224819386 60.27757801715392 60.4291038052899 60.58059985218524 60.73206616367752 60.88350274560315 61.0349096037974 61.1862867440944 61.33763417232713 61.48895189432742 61.64023991592597 61.79149824295234 61.9427268812349 62.09392583660095 62.24509511487657 62.39623472188675 62.54734466345531 62.69842494540495 62.8494755735572 63.00049655373246 63.15148789174999 63.30244959342792 63.4533816645832 63.60428411103167 63.75515693858804 63.90600015306583 64.05681376027746 64.2075977660342 64.35835217614617 64.50907699642237 64.65977223267062 64.81043789069766 64.96107397630902 65.11168049530916 65.26225745350135 65.41280485668773 65.56332271066933 65.713811021246 65.8642697942165 66.0146990353784 66.16509875052816 66.31546894546111 66.46580962597142 66.61612079785213 66.76640246689516 66.91665463889127 67.06687731963011 67.21707051490016 67.36723423048878 67.5173684721822 67.66747324576551 67.81754855702266 67.96759441173648 68.11761081568865 68.26759777465972 68.41755529442909 68.56748338077506 68.71738203947476 